0.3122427, 0.5803398, 0.165, 0.6, 0.2, 0, 0.2877573, 0.01966023, 5.063756, 0.09316601
0.6313487, 0.4887734, 5.019864, 0.8419566, 0.219978, 27.41661, 0.2598887, 0.07989955, 3.813673, 2.64735
1.14996, 0.4999643, 5.00856, 0.6534097, 0.2015038, 0.5683942, 0.2129028, 0.08721622, 3.192848, 2.784138
1.281866, 0.5266439, 5.05681, 0.3194859, 0.145699, 2.032854, 0.1907906, 0.08410376, 2.772241, 2.53686
1.558836, 0.6169089, 5.072656, 0.2813311, 0.1335745, 0.6973716, 0.174457, 0.07554592, 2.483828, 2.352693
1.811498, 0.5682645, 5.301668, 0.0387149, 0.08231987, 2.167709, 0.1632878, 0.07036326, 2.267782, 2.148937
2.108895, 0.6026109, 5.32138, 0.0596934, 0.1158031, 0.5565434, 0.15239, 0.0651461, 2.100009, 1.992338
2.330662, 0.6419901, 5.242475, 0.1063681, 0.1503056, 1.979243, 0.1459702, 0.06223246, 1.964388, 1.87224
2.604535, 0.6692099, 5.256666, 0.1060213, 0.130359, 0.1505638, 0.1398617, 0.06199434, 1.852075, 1.772758
2.874687, 0.6615192, 5.284205, 0.06188149, -0.03774373, 0.2310548, 0.1342361, 0.06079854, 1.757219, 1.683585
3.110776, 0.6666112, 5.261217, 0.05302309, -0.06998515, 0.592496, 0.1307052, 0.05984792, 1.675548, 1.606156
3.400702, 0.5605927, 5.31994, -0.1125204, -0.5951211, 2.226441, 0.1262386, 0.0600382, 1.604458, 1.551587
3.705329, 0.4506221, 5.382928, -0.2461403, -0.9030571, 3.268432, 0.1213349, 0.07601633, 1.541541, 1.544096
3.984087, 0.5446286, 5.381673, -0.08061543, -0.2841474, 3.750526, 0.1169362, 0.07727291, 1.486236, 1.496433
4.260059, 0.5396847, 5.385777, -0.07617968, -0.2353615, 0.228811, 0.1131372, 0.07949071, 1.436657, 1.4539
4.521623, 0.5758092, 5.349747, -0.03460537, -0.1127842, 1.154584, 0.1097403, 0.07950309, 1.391663, 1.411268
4.715756, 0.6865001, 5.236512, 0.07368094, 0.1316344, 10.21169, 0.1068749, 0.07727537, 1.350158, 1.36957
4.970515, 0.6846405, 5.209132, 0.06099736, 0.09474136, 2.194543, 0.1043489, 0.07510682, 1.312133, 1.331025
5.274442, 0.6778703, 5.261248, 0.04419938, 0.05450083, 3.217528, 0.1015676, 0.07319994, 1.277294, 1.295629
5.53213, 0.684981, 5.268324, 0.04436073, 0.04936968, 1.480209, 0.09899689, 0.07157067, 1.245148, 1.263038
5.827898, 0.6972738, 5.303371, 0.04533198, 0.04718125, 1.97072, 0.09699714, 0.0701684, 1.215517, 1.232939
6.076514, 0.6211246, 5.276102, -0.01484756, -0.05605649, 4.335105, 0.0949875, 0.0736711, 1.187853, 1.209079
6.334995, 0.7360888, 5.2647, 0.06220007, 0.06967521, 3.140537, 0.09312714, 0.07237986, 1.161955, 1.182772
6.588113, 0.7698659, 5.246407, 0.07655193, 0.08627505, 0.7420304, 0.0913329, 0.07100668, 1.137637, 1.158005
6.840869, 0.7645936, 5.23912, 0.06542465, 0.0639415, 0.3459023, 0.08960358, 0.07038686, 1.114808, 1.135228
7.09155, 0.7489362, 5.211686, 0.04869406, 0.03612037, 4.351696, 0.08792573, 0.07157498, 1.093268, 1.114946
7.318617, 0.8329783, 5.181057, 0.09229919, 0.09291826, 2.802129, 0.0863145, 0.07070929, 1.07286, 1.094438
7.603847, 0.8453601, 5.214226, 0.0891567, 0.08219436, 3.590899, 0.08482119, 0.07041961, 1.053647, 1.075383
7.858043, 0.8194893, 5.208722, 0.06702137, 0.04856691, 0.8037252, 0.08339919, 0.07283206, 1.03548, 1.058835
8.113729, 0.8390293, 5.194549, 0.07000064, 0.0488505, 3.115973, 0.08205565, 0.07601645, 1.018216, 1.043578
8.356393, 0.8540586, 5.180531, 0.07138065, 0.04768388, 0.6099164, 0.08072702, 0.08037781, 1.001788, 1.029692
8.616399, 0.9438962, 5.193613, 0.1095278, 0.09177912, 5.874549, 0.07948245, 0.08173581, 0.9861605, 1.014839
8.856195, 1.00004, 5.17967, 0.1281546, 0.1088654, 0.7889895, 0.07826938, 0.08252533, 0.9712166, 1.000346
9.139154, 1.039047, 5.203156, 0.1348439, 0.1099605, 6.480647, 0.07727058, 0.0835818, 0.9570411, 0.986651
9.379314, 1.069472, 5.188827, 0.1387244, 0.1082729, 0.7954069, 0.07621678, 0.08538078, 0.9434744, 0.9738948
9.651655, 1.141341, 5.206292, 0.1597228, 0.1263215, 4.283899, 0.07543287, 0.08630028, 0.9305442, 0.9612557
9.919186, 1.264047, 5.221123, 0.2025952, 0.169166, 2.927758, 0.07498694, 0.08547798, 0.9181136, 0.9483119
10.17315, 1.354353, 5.216572, 0.2293263, 0.1924886, 4.699037, 0.07466333, 0.08438451, 0.906126, 0.9357581
10.40348, 1.433969, 5.200785, 0.2491978, 0.2050416, 1.264837, 0.07403115, 0.08329617, 0.8945473, 0.9236855
10.64589, 1.523413, 5.187076, 0.2739102, 0.2261014, 4.888532, 0.07335899, 0.08235269, 0.8833518, 0.9121337
10.87975, 1.555824, 5.170727, 0.2690554, 0.2077398, 1.731587, 0.07257926, 0.08135618, 0.8725951, 0.9009483
11.14142, 1.608714, 5.178238, 0.2705803, 0.1968054, 1.564642, 0.07202381, 0.0805002, 0.862298, 0.8902396
11.41662, 1.651308, 5.193199, 0.2656705, 0.1787225, 1.594488, 0.07209471, 0.08009156, 0.8525255, 0.880186
11.65513, 1.714551, 5.179899, 0.2744835, 0.1808227, 1.46856, 0.07207232, 0.07998743, 0.843097, 0.8706052
11.89033, 1.778594, 5.169131, 0.281743, 0.1791883, 0.6776529, 0.07192717, 0.08029562, 0.8340178, 0.8615393
12.1399, 1.866679, 5.175628, 0.2962539, 0.1843785, 0.9182731, 0.07199876, 0.0805121, 0.8253023, 0.8527503
12.38628, 1.896222, 5.166585, 0.2849628, 0.1604894, 0.9814906, 0.07225983, 0.08254754, 0.817067, 0.8451749
12.63736, 1.956103, 5.169515, 0.2854166, 0.1499377, 0.8002278, 0.07288674, 0.08574449, 0.8093019, 0.8384967
12.84268, 2.089495, 5.152486, 0.3238151, 0.187203, 3.804815, 0.07279707, 0.08728162, 0.801543, 0.8310425
13.09675, 2.188656, 5.168102, 0.3362515, 0.1868786, 3.26423, 0.07316308, 0.08873013, 0.7941893, 0.8238709
13.30268, 2.329559, 5.154635, 0.3738966, 0.2209116, 2.870376, 0.07299279, 0.08906683, 0.7868313, 0.8162691
13.49812, 2.483227, 5.131832, 0.420623, 0.2699664, 11.68966, 0.07240683, 0.08856268, 0.7794033, 0.8084367
13.74201, 2.59435, 5.140033, 0.4346751, 0.2701221, 0.4849734, 0.07200427, 0.08806194, 0.7722466, 0.8008355
13.96468, 2.712527, 5.134102, 0.4550185, 0.2807093, 0.4657328, 0.07158404, 0.08752671, 0.7652681, 0.7934211
14.18886, 2.860898, 5.139538, 0.4841397, 0.2979448, 0.4314807, 0.07118951, 0.0867731, 0.7584304, 0.7861755
14.43071, 2.963512, 5.148026, 0.4845245, 0.2753389, 1.267872, 0.07110159, 0.08615683, 0.7519544, 0.7791701
14.64452, 3.045235, 5.128786, 0.4844876, 0.2609342, 2.678664, 0.07094462, 0.08609889, 0.7457883, 0.7725519
14.8684, 3.188856, 5.137205, 0.5040057, 0.2639666, 3.791602, 0.0709199, 0.08581824, 0.7398365, 0.7660551
15.06953, 3.375656, 5.142022, 0.5461041, 0.2970221, 1.24864, 0.07071138, 0.08510646, 0.7338235, 0.7595383
15.28073, 3.538853, 5.144686, 0.576196, 0.3176475, 2.452484, 0.07051723, 0.08441151, 0.7278803, 0.7532004
15.48731, 3.720973, 5.153414, 0.6093383, 0.3366794, 0.7629346, 0.07031235, 0.08401515, 0.7220034, 0.7471376
15.70088, 3.854853, 5.150509, 0.6193865, 0.3289623, 0.9181436, 0.07023474, 0.08353304, 0.7163386, 0.7411522
15.91894, 3.998956, 5.153764, 0.6309775, 0.3230444, 0.1774098, 0.07042714, 0.08303436, 0.7109013, 0.7352759
16.11766, 4.166985, 5.151482, 0.6600774, 0.3452474, 1.748986, 0.07061135, 0.08270635, 0.7055038, 0.7296074
16.31114, 4.357323, 5.158537, 0.6904054, 0.3593378, 0.4722965, 0.07075246, 0.0828864, 0.7001657, 0.724206
16.51969, 4.516181, 5.16255, 0.7019009, 0.3500985, 0.6411346, 0.07119243, 0.0830617, 0.6950327, 0.718856
16.69952, 4.691209, 5.156924, 0.7257935, 0.3580284, 0.4810119, 0.07144565, 0.08345631, 0.6899751, 0.7136717
16.85735, 4.90104, 5.14949, 0.7783303, 0.4149907, 5.056525, 0.07127904, 0.08481438, 0.6848829, 0.7090972
17.0206, 5.118968, 5.155437, 0.8155369, 0.4328146, 0.5696181, 0.07092964, 0.08751317, 0.6799406, 0.7050243
17.19117, 5.302574, 5.149757, 0.8407069, 0.442962, 1.956122, 0.07053367, 0.09038861, 0.67514, 0.7011288
17.3546, 5.488199, 5.143225, 0.8622202, 0.4431866, 0.3484163, 0.07008707, 0.09338004, 0.6704587, 0.6973075
17.51035, 5.678827, 5.134501, 0.8913228, 0.4599645, 3.800293, 0.06960572, 0.09652896, 0.6659699, 0.6937084
17.71085, 5.813177, 5.121576, 0.8827798, 0.4268479, 2.523032, 0.06930976, 0.09810607, 0.6613988, 0.6895559
17.84903, 6.030673, 5.118481, 0.925259, 0.4629486, 1.738274, 0.06887656, 0.100409, 0.6570439, 0.6858526
18.02761, 6.21148, 5.11774, 0.9331524, 0.4461454, 0.6755952, 0.06857501, 0.1023448, 0.6526832, 0.6819876
18.17071, 6.428284, 5.119487, 0.962232, 0.4561975, 0.5374781, 0.06821194, 0.1048064, 0.6484548, 0.6783349
18.29559, 6.652561, 5.118359, 0.9943599, 0.4666508, 0.3534276, 0.06777196, 0.1079283, 0.6444126, 0.674925
18.42178, 6.87714, 5.118189, 1.027105, 0.4821945, 0.3074595, 0.06734763, 0.1116258, 0.6406047, 0.671763
18.5779, 7.033431, 5.093547, 1.027937, 0.4603902, 4.112724, 0.06692332, 0.1138209, 0.6366455, 0.6682021
18.72056, 7.24616, 5.0955, 1.041024, 0.4440766, 0.3119922, 0.06652254, 0.1160883, 0.6326936, 0.6646022
18.9235, 7.390914, 5.080549, 1.021069, 0.4002515, 5.532875, 0.06682315, 0.1169001, 0.6289067, 0.6606425
19.00314, 7.625857, 5.070501, 1.073656, 0.4529379, 5.278331, 0.06658212, 0.1181243, 0.6250639, 0.6569708
19.10006, 7.861778, 5.070044, 1.106076, 0.4636916, 0.4187747, 0.06621732, 0.1197515, 0.6213246, 0.6534579
19.21327, 8.083996, 5.067632, 1.127053, 0.4611472, 0.5017047, 0.06585593, 0.1214331, 0.6176431, 0.6499866
19.29846, 8.296535, 5.050619, 1.154371, 0.4680996, 2.77046, 0.06546906, 0.1229125, 0.61406, 0.6465554
19.3901, 8.523198, 5.045356, 1.175894, 0.4616528, 2.829852, 0.06511052, 0.124441, 0.6105303, 0.6431565
19.49103, 8.693524, 5.008689, 1.186365, 0.4531077, 8.593413, 0.0647507, 0.1249764, 0.6070174, 0.6396383
19.57066, 8.925017, 5.004159, 1.217406, 0.4688892, 1.211617, 0.06444132, 0.1255798, 0.6035926, 0.6362092
19.73977, 9.094092, 4.985976, 1.200251, 0.4277886, 6.543911, 0.06435571, 0.1254263, 0.6003433, 0.6326673
19.80015, 9.336357, 4.983927, 1.240843, 0.4596831, 1.128044, 0.06410721, 0.1254042, 0.5970233, 0.6292313
19.93945, 9.537149, 4.976639, 1.23661, 0.4314344, 3.096477, 0.06460373, 0.1250898, 0.5940518, 0.6257888
19.97124, 9.783698, 4.971325, 1.289442, 0.4829026, 3.367866, 0.06457585, 0.1248957, 0.5908385, 0.6224589
20.06785, 9.99873, 4.962556, 1.299382, 0.4688086, 0.9344625, 0.06498018, 0.1245419, 0.587786, 0.6191491
20.1195, 10.24954, 4.967417, 1.325137, 0.465944, 6.10237, 0.06528543, 0.1243118, 0.5847785, 0.6159085
20.17618, 10.48843, 4.965605, 1.34849, 0.4662337, 0.02444779, 0.06565954, 0.1240993, 0.5818374, 0.6127229
20.18323, 10.73794, 4.961404, 1.399005, 0.5092797, 3.37097, 0.06556732, 0.1239911, 0.5787991, 0.6096302
20.25017, 10.97845, 4.963434, 1.413743, 0.4976813, 0.8388465, 0.06578159, 0.1238962, 0.5758341, 0.6065805
20.27433, 11.23248, 4.967337, 1.441374, 0.4968915, 4.354482, 0.065882, 0.1239423, 0.5729052, 0.6035966
20.31235, 11.46097, 4.956647, 1.461668, 0.493575, 0.6562349, 0.06611881, 0.1238656, 0.5700443, 0.6006404
20.25194, 11.71762, 4.952954, 1.538717, 0.5774567, 11.23951, 0.06578954, 0.123945, 0.5674985, 0.5977597
20.32786, 11.94633, 4.948337, 1.539974, 0.5493728, 4.55607, 0.06580222, 0.123895, 0.5647226, 0.5949046
20.34736, 12.18788, 4.945092, 1.547948, 0.5100455, 3.978807, 0.06594102, 0.1238452, 0.5619509, 0.5920854
20.34283, 12.44354, 4.950342, 1.576239, 0.5121512, 0.1628631, 0.06600982, 0.1239349, 0.5592167, 0.589324
20.28826, 12.68858, 4.946716, 1.63517, 0.5684293, 3.648365, 0.06573044, 0.1240603, 0.5567337, 0.5865866
20.31504, 12.92217, 4.94013, 1.646492, 0.5518729, 1.920442, 0.06568751, 0.1241069, 0.5541372, 0.5838852
20.29588, 13.16233, 4.936633, 1.675669, 0.5578629, 2.389553, 0.06563253, 0.1241484, 0.5516017, 0.5812144
20.25927, 13.38091, 4.918689, 1.706788, 0.563859, 2.456872, 0.06548322, 0.1240001, 0.5491438, 0.5785492
20.21484, 13.6211, 4.916434, 1.734658, 0.5590712, 1.522129, 0.06525704, 0.1238634, 0.5467362, 0.5759158
20.20013, 13.86254, 4.915529, 1.752225, 0.5486822, 0.8790495, 0.06517204, 0.1237566, 0.5442851, 0.573327
20.13824, 14.09704, 4.912444, 1.790044, 0.5670715, 1.146687, 0.06496875, 0.1236324, 0.5419707, 0.5707553
20.08903, 14.33527, 4.911617, 1.815724, 0.5644945, 0.05809522, 0.06477045, 0.1235321, 0.5396785, 0.5682171
20.01299, 14.56779, 4.909284, 1.847899, 0.5672336, 1.614691, 0.06450023, 0.1234214, 0.5374814, 0.5657019
19.91268, 14.80145, 4.91116, 1.886833, 0.5776022, 0.9834772, 0.06424535, 0.1233232, 0.5354962, 0.5632058
19.8404, 15.0276, 4.904934, 1.90601, 0.5570805, 3.850067, 0.06400605, 0.1231927, 0.5334142, 0.5607442
19.80564, 15.2496, 4.893155, 1.917807, 0.5427739, 2.631301, 0.06374225, 0.1230168, 0.531186, 0.5583236
19.66983, 15.46184, 4.894475, 1.991221, 0.6313455, 7.791729, 0.06357577, 0.122751, 0.5297191, 0.5559208
19.6298, 15.6671, 4.873341, 2.003381, 0.6151019, 5.014517, 0.06330675, 0.122388, 0.5279253, 0.5535466
19.52745, 15.88192, 4.869184, 2.031185, 0.6089294, 1.746826, 0.0630383, 0.1220003, 0.5261544, 0.5512082
19.42648, 16.08792, 4.860444, 2.059596, 0.6082375, 0.4332325, 0.06277407, 0.1215692, 0.5244051, 0.548911
19.31835, 16.30276, 4.857452, 2.076397, 0.5791186, 2.120325, 0.06251555, 0.1211403, 0.5225138, 0.5466307
19.20395, 16.4851, 4.837999, 2.107679, 0.5843913, 2.350294, 0.06226451, 0.1206488, 0.5206633, 0.5444043
19.07853, 16.68857, 4.836246, 2.137276, 0.5856214, 0.4509251, 0.06203417, 0.1201574, 0.5188557, 0.5422195
18.95524, 16.88474, 4.83011, 2.164632, 0.5846147, 0.2269838, 0.06180911, 0.119668, 0.517052, 0.5400747
18.79719, 17.07464, 4.835444, 2.220215, 0.639243, 5.891825, 0.06172639, 0.1191898, 0.5157071, 0.5381185
18.64356, 17.27881, 4.845366, 2.250884, 0.6364716, 0.5917547, 0.06180265, 0.1187141, 0.5144456, 0.5362141
18.53264, 17.49065, 4.839761, 2.239041, 0.5541176, 6.542853, 0.06167369, 0.1182444, 0.5126128, 0.5341251
18.33372, 17.65967, 4.844068, 2.283912, 0.570554, 3.453811, 0.06203299, 0.1177848, 0.5109997, 0.5321469
18.19361, 17.85403, 4.840546, 2.288345, 0.523185, 2.743328, 0.06227548, 0.1173258, 0.509152, 0.530097
18.06041, 18.03801, 4.832538, 2.305852, 0.5157208, 1.177412, 0.06230814, 0.1168719, 0.5072475, 0.5280528
17.88107, 18.19693, 4.829825, 2.347128, 0.5429509, 2.045515, 0.0625254, 0.1164468, 0.5054464, 0.5260849
17.73731, 18.35043, 4.809808, 2.370598, 0.5419843, 2.276674, 0.06254718, 0.1160805, 0.5036072, 0.5241464
17.59668, 18.538, 4.806779, 2.377538, 0.5130413, 6.941604, 0.06239155, 0.1156729, 0.501707, 0.5221656
17.41558, 18.70164, 4.808925, 2.404686, 0.5142556, 0.05078697, 0.06227288, 0.1152743, 0.4998278, 0.520207
17.22938, 18.84793, 4.805548, 2.438291, 0.5274723, 1.950972, 0.06220047, 0.1149189, 0.49798, 0.5182884
17.062, 18.98757, 4.790684, 2.463573, 0.5282233, 1.185114, 0.06204824, 0.114627, 0.49614, 0.5163947
16.89314, 19.15817, 4.792267, 2.474691, 0.505513, 2.930567, 0.06183923, 0.1142694, 0.4943146, 0.5144928
16.68008, 19.26732, 4.784521, 2.514932, 0.5213793, 3.026372, 0.06170818, 0.1140642, 0.4925084, 0.5126362
16.49163, 19.41817, 4.788125, 2.537412, 0.5197858, 2.957942, 0.06155014, 0.1138116, 0.4907207, 0.5107864
16.2856, 19.55971, 4.795714, 2.562818, 0.5182984, 0.3030461, 0.06142503, 0.1135352, 0.4889524, 0.5089517
16.05777, 19.64743, 4.791078, 2.611745, 0.5512321, 10.29511, 0.06145825, 0.1134905, 0.4872192, 0.5072359
15.86161, 19.78171, 4.792273, 2.632197, 0.5439893, 0.6203256, 0.06142136, 0.1133834, 0.485494, 0.5054991
15.66617, 19.91082, 4.786743, 2.63813, 0.5021422, 3.460376, 0.06130633, 0.1132189, 0.4837877, 0.5037171
15.45466, 20.0466, 4.797061, 2.65656, 0.4942251, 0.9953502, 0.06118739, 0.1129508, 0.4821052, 0.5019584
15.25093, 20.18235, 4.801869, 2.667653, 0.4742105, 5.639625, 0.06102238, 0.1125983, 0.4804655, 0.5002792
15.06044, 20.3139, 4.798465, 2.679475, 0.4627053, 1.865145, 0.06081164, 0.1122107, 0.4788862, 0.498732
14.83149, 20.39603, 4.798044, 2.715505, 0.4813618, 2.118165, 0.0606071, 0.1118382, 0.4772954, 0.4971243
14.62074, 20.51078, 4.800132, 2.73242, 0.4739872, 0.6175871, 0.06040183, 0.1114578, 0.4757414, 0.495622
14.39081, 20.5938, 4.803618, 2.767467, 0.4954509, 1.274601, 0.06019749, 0.1110809, 0.4741773, 0.4940633
14.15045, 20.66411, 4.807666, 2.79938, 0.5021682, 0.7747176, 0.06000149, 0.1107082, 0.4726148, 0.4924837
13.91838, 20.73263, 4.809212, 2.834155, 0.5208509, 0.4066787, 0.05980917, 0.1103405, 0.4710561, 0.4908741
13.65963, 20.78806, 4.821898, 2.868946, 0.528251, 2.079979, 0.05969121, 0.1099853, 0.4695, 0.4892545
13.41626, 20.81678, 4.822469, 2.921285, 0.5750482, 2.517489, 0.05961636, 0.1096988, 0.4679531, 0.4876943
13.17095, 20.85964, 4.826404, 2.953338, 0.5779063, 0.2563784, 0.05959444, 0.1094525, 0.4664213, 0.4861892
12.94153, 20.91604, 4.825389, 2.976135, 0.5716146, 1.689444, 0.05952644, 0.10918, 0.4649049, 0.484679
12.72447, 20.97054, 4.81664, 2.996293, 0.5641959, 1.540718, 0.0593713, 0.1088753, 0.4634075, 0.4831537
12.48118, 21.00593, 4.821546, 3.025817, 0.5683526, 2.719845, 0.05922743, 0.1085745, 0.4619239, 0.4816643
12.23735, 21.04349, 4.82729, 3.049956, 0.5632949, 0.2842818, 0.05909419, 0.1082595, 0.4604549, 0.4801806
12.00037, 21.062, 4.826562, 3.081782, 0.5729736, 0.9348274, 0.05894661, 0.1079578, 0.4590015, 0.4787543
11.7505, 21.03815, 4.825633, 3.123442, 0.5863148, 1.838058, 0.05882445, 0.1077993, 0.4575645, 0.477508
11.50563, 21.02334, 4.825917, 3.159824, 0.5953051, 1.10199, 0.05871, 0.1077818, 0.456146, 0.4764343
11.27598, 21.0239, 4.819633, 3.186036, 0.5924978, 0.4873052, 0.05855366, 0.1077933, 0.4547529, 0.4753882
11.02659, 20.98323, 4.822611, 3.226724, 0.6050755, 4.229223, 0.05841357, 0.1081001, 0.4533851, 0.4746425
10.79945, 20.95242, 4.813267, 3.259252, 0.6086641, 0.4539767, 0.05824053, 0.1086212, 0.4520608, 0.4740632
10.55343, 20.95047, 4.814809, 3.265859, 0.5647658, 5.578602, 0.05807182, 0.1090314, 0.4507491, 0.4731238
10.29552, 20.97061, 4.832266, 3.27402, 0.5416244, 3.687337, 0.05793483, 0.1091264, 0.4494281, 0.4719536
10.05785, 20.95142, 4.831702, 3.293828, 0.5322158, 1.002578, 0.05778454, 0.1091835, 0.4481269, 0.4707378
9.839599, 20.92021, 4.818398, 3.317714, 0.5310837, 1.410107, 0.05761175, 0.1092444, 0.4468667, 0.4695214
9.599728, 20.91334, 4.814661, 3.315947, 0.4817541, 2.452981, 0.0574416, 0.1091372, 0.4456028, 0.4681379
9.38451, 20.86595, 4.80003, 3.341919, 0.4854236, 1.212639, 0.05732405, 0.1090575, 0.4443835, 0.4667701
9.154584, 20.82761, 4.796813, 3.361809, 0.4812472, 1.546585, 0.05724946, 0.1089326, 0.4431836, 0.4654026
8.893183, 20.78716, 4.815932, 3.378893, 0.4719478, 1.916943, 0.05710497, 0.1087539, 0.4419628, 0.46404
8.66895, 20.71057, 4.811061, 3.41085, 0.4831252, 4.459007, 0.05700413, 0.1086531, 0.4407849, 0.4627005
8.415921, 20.62184, 4.827496, 3.441698, 0.4883698, 2.828644, 0.05686019, 0.1086842, 0.4396191, 0.4614015
8.188239, 20.54158, 4.827791, 3.470804, 0.4965021, 0.09277836, 0.05673899, 0.1087793, 0.4384924, 0.4601431
7.951758, 20.4614, 4.83407, 3.494619, 0.4948046, 0.2246095, 0.0566143, 0.108905, 0.437382, 0.4589004
7.734413, 20.3752, 4.832159, 3.527319, 0.5137939, 3.457905, 0.05654754, 0.1090666, 0.4363394, 0.4577349
7.464333, 20.31363, 4.860834, 3.536234, 0.4932289, 4.570935, 0.0563888, 0.109072, 0.4352191, 0.4564985
7.239669, 20.21447, 4.861871, 3.560882, 0.4917434, 0.2586435, 0.05623546, 0.1091247, 0.4341286, 0.4552828
6.988617, 20.13423, 4.879241, 3.573967, 0.4778374, 1.734983, 0.05608604, 0.1090869, 0.4330028, 0.4540394
6.767636, 20.04005, 4.877043, 3.591959, 0.4690974, 0.3213127, 0.05593265, 0.1090145, 0.4318876, 0.4527914
6.523657, 19.95307, 4.890469, 3.604036, 0.4557372, 1.180205, 0.05581383, 0.10886, 0.4307463, 0.4515396
6.308489, 19.85728, 4.886385, 3.62242, 0.4528116, 2.508564, 0.05567972, 0.1086546, 0.4296174, 0.4502976
6.056139, 19.76848, 4.905521, 3.629964, 0.4350195, 2.256138, 0.05566074, 0.1083869, 0.4284581, 0.4490863
5.846092, 19.62016, 4.913878, 3.672858, 0.469778, 2.651306, 0.05560503, 0.1081894, 0.4273569, 0.4478729
5.639783, 19.50469, 4.908652, 3.693006, 0.4667515, 0.3836067, 0.055514, 0.1079669, 0.4262771, 0.4466662
5.442893, 19.35356, 4.908519, 3.728174, 0.483456, 1.632399, 0.05538129, 0.1078162, 0.4252827, 0.4455095
5.217805, 19.25723, 4.911949, 3.73384, 0.4635193, 1.967159, 0.05528502, 0.1075627, 0.4242341, 0.4443207
5.015472, 19.14329, 4.90167, 3.742214, 0.4402682, 3.959479, 0.0551722, 0.1072809, 0.4231688, 0.443143
4.828037, 18.99494, 4.895656, 3.76943, 0.4463847, 0.2276839, 0.05502933, 0.1070066, 0.4221575, 0.4419694
4.629344, 18.84453, 4.901318, 3.797662, 0.458957, 1.698548, 0.05488495, 0.1067393, 0.4212027, 0.4408089
4.433904, 18.71449, 4.896435, 3.812781, 0.451038, 0.79706, 0.05474122, 0.10646, 0.4202499, 0.4396535
4.241581, 18.57163, 4.890524, 3.824794, 0.4316675, 1.232571, 0.0546011, 0.1061835, 0.4192828, 0.438513
4.084579, 18.4135, 4.87249, 3.854016, 0.4415747, 1.850495, 0.05455925, 0.105909, 0.418432, 0.4373759
3.911573, 18.24173, 4.879605, 3.896531, 0.483226, 7.11625, 0.05462132, 0.1056361, 0.4178173, 0.4362825
3.682358, 18.10492, 4.899352, 3.897216, 0.4559463, 3.006622, 0.05451351, 0.1053792, 0.4170092, 0.4351653
3.505463, 17.95138, 4.889046, 3.907572, 0.4337363, 3.097916, 0.05443692, 0.1051474, 0.4161758, 0.4340555
3.296372, 17.78851, 4.9058, 3.917582, 0.4194584, 1.620675, 0.05430518, 0.1049365, 0.4152761, 0.4329605
3.12855, 17.60585, 4.912218, 3.95197, 0.4458488, 2.679231, 0.05419861, 0.1047113, 0.4145223, 0.4318683
2.933075, 17.4874, 4.902645, 3.948051, 0.4182746, 5.664174, 0.05406604, 0.1046919, 0.413629, 0.4308048
2.798165, 17.27225, 4.907822, 4.001179, 0.4691774, 3.526984, 0.05404702, 0.1045378, 0.4131024, 0.4297441
2.623828, 17.0904, 4.914231, 4.018255, 0.4616538, 0.2672422, 0.05402291, 0.1043939, 0.4125924, 0.428691
2.45325, 16.92007, 4.907069, 4.021537, 0.4281114, 1.721423, 0.05399808, 0.104315, 0.4119572, 0.4276286
2.28319, 16.74791, 4.906919, 4.032959, 0.4171958, 0.4545813, 0.0539626, 0.1043193, 0.4112893, 0.4265761
2.115064, 16.55316, 4.912035, 4.043217, 0.3966387, 5.257624, 0.05391372, 0.1043153, 0.4105716, 0.4255372
1.966387, 16.3274, 4.926396, 4.072286, 0.4054912, 2.760366, 0.05392467, 0.1041869, 0.4100022, 0.4244985
1.804152, 16.14822, 4.920877, 4.07531, 0.3784646, 1.010662, 0.05392036, 0.1041336, 0.4093179, 0.4234748
1.60616, 15.98275, 4.930385, 4.068066, 0.3488332, 2.118042, 0.05379582, 0.1042612, 0.4084437, 0.4225072
1.488512, 15.75475, 4.937911, 4.112188, 0.3901242, 2.203953, 0.05376689, 0.1042552, 0.4078515, 0.4214914
1.32336, 15.54392, 4.954055, 4.124064, 0.3804335, 1.659834, 0.0536871, 0.1042245, 0.4072209, 0.4204827
1.171979, 15.34975, 4.953549, 4.132769, 0.3668888, 0.9562966, 0.05359904, 0.1042586, 0.4065472, 0.4194865
0.9778395, 15.14364, 4.979902, 4.13013, 0.3416759, 4.389873, 0.05348728, 0.1043115, 0.4057081, 0.4185117
0.8274941, 14.95685, 4.970626, 4.130062, 0.3149203, 1.841196, 0.0533911, 0.1045084, 0.4048069, 0.4175898
0.7052551, 14.73979, 4.969675, 4.152211, 0.32203, 0.131818, 0.0532685, 0.1046832, 0.4039696, 0.4166525
0.6028477, 14.50189, 4.977029, 4.191754, 0.3572191, 2.009655, 0.05317646, 0.1047322, 0.4033978, 0.4156798
0.4348544, 14.28829, 4.995008, 4.192758, 0.3373921, 2.148246, 0.05305402, 0.1048015, 0.4026872, 0.4147193
0.3358639, 14.04404, 5.009124, 4.23682, 0.3834325, 4.412361, 0.05296555, 0.1047533, 0.4024056, 0.4137706
0.2854634, 13.78959, 5.001232, 4.284869, 0.4158584, 2.443945, 0.05334878, 0.1045922, 0.4029543, 0.4128861
0.1954966, 13.55082, 5.008549, 4.319008, 0.4393519, 1.626186, 0.05413438, 0.1043952, 0.4041739, 0.4120724
0.03422507, 13.33123, 5.027089, 4.312988, 0.4063837, 2.986596, 0.05451973, 0.104209, 0.4048518, 0.4112254
-0.0798357, 13.1095, 5.024727, 4.320484, 0.3874695, 0.6636974, 0.05498541, 0.1040331, 0.4054643, 0.410362
-0.1222536, 12.87107, 5.009894, 4.360754, 0.4124273, 1.785249, 0.05644892, 0.1038351, 0.4070623, 0.4095507
-0.2407543, 12.64409, 5.010499, 4.359624, 0.3793179, 3.764153, 0.0578666, 0.1036411, 0.4082913, 0.4087049
-0.3611532, 12.41108, 5.020754, 4.363661, 0.3613581, 0.8723758, 0.05918198, 0.1034427, 0.4093279, 0.4078544
-0.4877833, 12.19858, 5.016059, 4.356198, 0.3273617, 3.690771, 0.06028931, 0.1032847, 0.4098996, 0.4069693
-0.5793721, 11.97214, 5.012352, 4.368636, 0.3232298, 0.2242587, 0.06165839, 0.1031427, 0.4105817, 0.4060868
-0.7028721, 11.74569, 5.015835, 4.363347, 0.2945359, 3.108098, 0.0628074, 0.1030212, 0.4109025, 0.405195
-0.8817239, 11.51514, 5.040172, 4.338457, 0.2476683, 5.546464, 0.06317219, 0.1029121, 0.4105288, 0.4043016
-0.9919987, 11.28487, 5.03638, 4.332923, 0.2160823, 3.11774, 0.06350397, 0.1028201, 0.4099743, 0.4034216
-1.162309, 11.0633, 5.051036, 4.310228, 0.1776019, 3.173976, 0.06345583, 0.1027825, 0.4091412, 0.4025795
-1.237562, 10.82067, 5.055873, 4.337654, 0.2082666, 1.294345, 0.06353437, 0.1027237, 0.4084684, 0.4017147
-1.363469, 10.57384, 5.073114, 4.336075, 0.1942422, 2.128556, 0.06350146, 0.1026338, 0.4077138, 0.4008571
-1.438284, 10.31923, 5.084244, 4.362454, 0.2213935, 2.256871, 0.06358657, 0.1024968, 0.4071595, 0.3999924
-1.552723, 10.10087, 5.079278, 4.359277, 0.2058898, 1.231386, 0.06359382, 0.102426, 0.4065082, 0.3991381
-1.64349, 9.867721, 5.075928, 4.365202, 0.1986934, 0.20629, 0.0636316, 0.1023812, 0.4058663, 0.3982914
-1.732784, 9.638203, 5.071142, 4.372168, 0.1955844, 0.2832175, 0.06370322, 0.102382, 0.4052491, 0.3974521
-1.829965, 9.394855, 5.08102, 4.383, 0.204048, 3.091036, 0.0637621, 0.1023743, 0.404695, 0.3966126
-1.90472, 9.11401, 5.10525, 4.401143, 0.2119885, 5.907206, 0.06392763, 0.1022364, 0.4043067, 0.3957764
-1.996487, 8.88449, 5.097918, 4.399256, 0.1921863, 1.174617, 0.06409642, 0.1021354, 0.4038382, 0.3949441
-2.094156, 8.634228, 5.108446, 4.401827, 0.1839606, 0.7954493, 0.06422633, 0.1020138, 0.4033447, 0.394117
-2.209924, 8.390216, 5.119468, 4.395696, 0.166448, 3.811189, 0.06422879, 0.1018911, 0.4027302, 0.3932953
-2.273274, 8.145617, 5.116136, 4.410206, 0.1734473, 0.1714216, 0.06436422, 0.1017667, 0.4022553, 0.3924787
-2.350183, 7.920665, 5.102932, 4.413532, 0.1650822, 4.539218, 0.06457344, 0.1017014, 0.4017984, 0.3916672
-2.459497, 7.673381, 5.114558, 4.408313, 0.1497439, 1.283612, 0.06465621, 0.1016267, 0.4012374, 0.390861
-2.617237, 7.44494, 5.121034, 4.370006, 0.08354227, 6.45489, 0.06452831, 0.1016109, 0.4004185, 0.390086
-2.719134, 7.191429, 5.133582, 4.369241, 0.07778173, 1.130909, 0.06439669, 0.1015628, 0.3996011, 0.3893112
-2.788042, 6.951987, 5.129293, 4.384359, 0.09678085, 1.117763, 0.06427299, 0.1015356, 0.3988183, 0.3885307
-2.84955, 6.723127, 5.114505, 4.395278, 0.1035586, 1.597266, 0.06419327, 0.1015757, 0.3980936, 0.3877546
-2.930504, 6.488163, 5.105609, 4.386934, 0.072958, 4.220685, 0.06412765, 0.1016632, 0.3973273, 0.3869976
-2.990882, 6.242174, 5.102595, 4.398846, 0.08187228, 0.4406034, 0.0641546, 0.1017471, 0.3966291, 0.3862356
-3.102985, 6.002003, 5.110691, 4.390974, 0.07037895, 3.255846, 0.0640869, 0.101856, 0.395884, 0.3854816
-3.177342, 5.735406, 5.12509, 4.399523, 0.07564458, 2.076268, 0.06405462, 0.1018686, 0.3951872, 0.3847187
-3.286368, 5.491275, 5.130749, 4.380802, 0.03595244, 2.624414, 0.0639593, 0.1018866, 0.3944122, 0.3839718
-3.376719, 5.234964, 5.141994, 4.381644, 0.03490726, 0.9743125, 0.06385622, 0.1018619, 0.3936435, 0.3832222
-3.448327, 4.987336, 5.142654, 4.39206, 0.04962187, 0.185522, 0.0637847, 0.1018289, 0.3929215, 0.3824701
-3.550331, 4.723662, 5.16202, 4.389297, 0.04422701, 3.043219, 0.06368072, 0.1017365, 0.3921912, 0.3817197
-3.659372, 4.476128, 5.169399, 4.370176, 0.004719678, 2.805591, 0.06355668, 0.1016377, 0.3914245, 0.3809778
-3.78039, 4.219232, 5.188628, 4.360221, -0.005537826, 3.953954, 0.06346051, 0.101509, 0.3906712, 0.3802388
-3.867961, 3.976079, 5.188763, 4.366048, 0.00880962, 0.9413992, 0.06336475, 0.1013846, 0.3899133, 0.3795016
-3.945577, 3.732272, 5.185589, 4.369898, 0.01216922, 0.234956, 0.0632536, 0.1012622, 0.3891645, 0.3787683
-4.057753, 3.512667, 5.175168, 4.349456, -0.02388209, 3.561406, 0.06318663, 0.1012095, 0.388428, 0.3780467
-4.148449, 3.265554, 5.178497, 4.349375, -0.02264892, 0.1046925, 0.06312254, 0.1011462, 0.3876895, 0.3773259
-4.263121, 3.018468, 5.188411, 4.333518, -0.04958353, 1.303321, 0.06313944, 0.1010718, 0.3869962, 0.3766134
-4.347407, 2.752497, 5.202216, 4.338266, -0.04171257, 2.07811, 0.06312829, 0.1009389, 0.3862778, 0.3758972
-4.437804, 2.502377, 5.206522, 4.34066, -0.03423342, 0.3303855, 0.06310949, 0.1007916, 0.3855497, 0.375185
-4.537416, 2.245053, 5.218606, 4.339717, -0.03274877, 1.40926, 0.06311249, 0.1006217, 0.3848228, 0.3744807
-4.651189, 2.009213, 5.21947, 4.314619, -0.08246695, 4.084564, 0.06319815, 0.1004601, 0.3841616, 0.3737764
-4.759527, 1.748663, 5.236071, 4.311754, -0.0800513, 2.791775, 0.06334751, 0.1002784, 0.3834983, 0.3730768
-4.884059, 1.505141, 5.245574, 4.292043, -0.1105089, 1.343328, 0.06366833, 0.1000954, 0.3829387, 0.3723802
-4.948113, 1.255155, 5.239234, 4.301005, -0.09623538, 4.063675, 0.06377315, 0.0999096, 0.3822798, 0.3716899
-5.049925, 1.023463, 5.232175, 4.297473, -0.0927742, 0.485502, 0.06388486, 0.09972693, 0.3816096, 0.3710037
-5.115463, 0.775886, 5.225072, 4.306013, -0.07962868, 3.574677, 0.06384717, 0.09954284, 0.3809058, 0.3703315
-5.203916, 0.501553, 5.245903, 4.30761, -0.08058318, 6.216696, 0.06377071, 0.09938277, 0.3802067, 0.3696911
-5.280876, 0.2522254, 5.243375, 4.312985, -0.07074561, 1.293264, 0.06365642, 0.09924396, 0.3795406, 0.3690821
-5.414238, 0.03989024, 5.231571, 4.304103, -0.06294498, 5.309253, 0.06357744, 0.09907475, 0.3788764, 0.3684655
-5.496554, -0.1987476, 5.224098, 4.3083, -0.05394016, 1.921494, 0.06346441, 0.09891097, 0.3782782, 0.3678785
-5.604547, -0.4264532, 5.216145, 4.297608, -0.06859272, 2.98882, 0.06335076, 0.09874262, 0.377671, 0.3672849
-5.726942, -0.6521099, 5.210718, 4.283024, -0.08507723, 2.816666, 0.06324448, 0.09857018, 0.3770371, 0.3666793
-5.842189, -0.8796722, 5.208824, 4.263511, -0.1195067, 5.337051, 0.06313948, 0.09839667, 0.3763704, 0.3660568
-5.943478, -1.125729, 5.214792, 4.266575, -0.1064736, 1.207342, 0.06302638, 0.09823771, 0.3757469, 0.3654765
-6.037739, -1.374118, 5.220391, 4.272469, -0.09183555, 2.939998, 0.06292771, 0.09810941, 0.3752172, 0.3649636
-6.169917, -1.59815, 5.217236, 4.256426, -0.1069607, 0.9593224, 0.06281903, 0.09797636, 0.3746459, 0.3644351
-6.313952, -1.820094, 5.223622, 4.225001, -0.1591018, 4.483422, 0.06271032, 0.09783783, 0.3739883, 0.3638559
-6.418486, -2.06238, 5.227269, 4.22744, -0.1458569, 0.6248146, 0.06260288, 0.09773487, 0.3733699, 0.3633326
-6.567976, -2.277242, 5.223538, 4.206312, -0.1626205, 2.90313, 0.06249573, 0.09761611, 0.3727226, 0.3627781
-6.714545, -2.493742, 5.221221, 4.18834, -0.1747028, 0.4655127, 0.06240639, 0.09748949, 0.3720692, 0.3622082
-6.869566, -2.707525, 5.221839, 4.16644, -0.1938759, 1.214548, 0.0623653, 0.09735415, 0.3714236, 0.3616174
-6.960491, -2.962463, 5.23025, 4.181218, -0.1640884, 2.517156, 0.06225726, 0.09730374, 0.3708046, 0.361138
-7.08971, -3.189637, 5.229151, 4.177022, -0.1560353, 0.1658734, 0.06214941, 0.09728916, 0.3702178, 0.3607074
-7.215112, -3.400941, 5.217029, 4.168178, -0.1578839, 1.336172, 0.06205116, 0.09726628, 0.3696547, 0.3602887
-7.359298, -3.635835, 5.228599, 4.161284, -0.1561149, 4.488441, 0.06195214, 0.09732665, 0.3691148, 0.3599399
-7.521275, -3.807454, 5.202599, 4.131553, -0.1831884, 5.174683, 0.06184561, 0.09725929, 0.3685106, 0.3594683
-7.664991, -4.019544, 5.200573, 4.119751, -0.1884409, 0.5147749, 0.06174033, 0.09720436, 0.3679125, 0.3590131
-7.819328, -4.238498, 5.206336, 4.108886, -0.1899875, 0.3559551, 0.06163495, 0.09719069, 0.3673209, 0.3585938
-7.96923, -4.455393, 5.208595, 4.100549, -0.1876335, 0.3414376, 0.06153083, 0.09722518, 0.3667487, 0.3582259
-8.129318, -4.679478, 5.219853, 4.091366, -0.1870793, 1.135119, 0.06142652, 0.09735571, 0.3661894, 0.3579291
-8.270132, -4.895353, 5.211935, 4.094676, -0.1614156, 2.661101, 0.06133366, 0.09756986, 0.3657383, 0.3577785
-8.405205, -5.113991, 5.209978, 4.093878, -0.1526743, 0.2674587, 0.06129061, 0.0979077, 0.3653971, 0.3577805
-8.553052, -5.306865, 5.191367, 4.08905, -0.1407099, 4.867174, 0.06129895, 0.09824101, 0.3651721, 0.3578668
-8.746227, -5.49875, 5.196275, 4.063606, -0.162863, 1.570853, 0.06123602, 0.09858008, 0.3648202, 0.357887
-8.903507, -5.703548, 5.192693, 4.058088, -0.1560108, 0.5911506, 0.06120527, 0.09902114, 0.3645537, 0.3580403
-9.066158, -5.893025, 5.184854, 4.044611, -0.1630096, 0.4663982, 0.06120699, 0.09948888, 0.3643039, 0.3582315
-9.206153, -6.080343, 5.161054, 4.045491, -0.1445549, 8.240073, 0.0613638, 0.09998912, 0.3642704, 0.3586036
-9.397926, -6.206273, 5.129189, 4.006489, -0.1834406, 8.030818, 0.06145573, 0.1001834, 0.3640123, 0.3586365
-9.568788, -6.397809, 5.126184, 3.998025, -0.1792551, 1.107783, 0.06159874, 0.1004594, 0.3638209, 0.3587912
-9.71777, -6.595751, 5.121023, 3.997044, -0.1698164, 0.5086523, 0.06195325, 0.1008826, 0.3637941, 0.3591812
-9.933838, -6.756676, 5.12487, 3.962317, -0.2029054, 6.342605, 0.06212672, 0.1012557, 0.3635419, 0.3593797
-10.14365, -6.91052, 5.121482, 3.93129, -0.2279767, 0.7855081, 0.06220283, 0.1015617, 0.3631641, 0.3594275
-10.32627, -7.078902, 5.11571, 3.915505, -0.2336964, 1.44231, 0.06232416, 0.1019036, 0.3627915, 0.3595138
-10.55696, -7.236938, 5.126116, 3.882765, -0.2583146, 2.37423, 0.06230775, 0.1022437, 0.3623066, 0.3594682
-10.76134, -7.385185, 5.120401, 3.85781, -0.2730755, 2.39962, 0.06227389, 0.1025491, 0.3617901, 0.3593553
-11.00634, -7.526545, 5.131035, 3.820176, -0.300951, 2.588881, 0.06217477, 0.1028057, 0.3612167, 0.3590801
-11.1983, -7.676717, 5.119281, 3.805605, -0.3000215, 1.972632, 0.06208326, 0.1030811, 0.3606527, 0.3588415
-11.35829, -7.83272, 5.098692, 3.803195, -0.2866329, 4.686991, 0.06208859, 0.1034296, 0.3601379, 0.3587672
-11.55809, -7.969117, 5.08591, 3.783711, -0.2928461, 2.927819, 0.0621239, 0.1037666, 0.3596253, 0.3586864
-11.75142, -8.077672, 5.060708, 3.757408, -0.3086837, 5.74689, 0.06223149, 0.103972, 0.3591058, 0.3585044
-11.95557, -8.202909, 5.042329, 3.736809, -0.3150729, 4.151517, 0.06238193, 0.1041571, 0.3585922, 0.358303
-12.18009, -8.290066, 5.027055, 3.697856, -0.3437587, 2.579611, 0.06248862, 0.1041895, 0.3580441, 0.3579227
-12.40132, -8.411383, 5.030494, 3.675622, -0.3491852, 1.753615, 0.0625796, 0.1042254, 0.3574908, 0.3575408
-12.61503, -8.490243, 5.009184, 3.641199, -0.371191, 4.507687, 0.06269868, 0.1041543, 0.3569327, 0.3570609
-12.83568, -8.580365, 4.991489, 3.610109, -0.3896332, 4.032295, 0.06282428, 0.1040412, 0.356375, 0.3565345
-13.10336, -8.653684, 5.002335, 3.565684, -0.4176107, 1.951407, 0.06279185, 0.1038882, 0.3558328, 0.3559794
-13.34672, -8.745419, 5.008913, 3.538748, -0.4231633, 1.699424, 0.0627234, 0.1037303, 0.3553052, 0.3554317
-13.57499, -8.789601, 4.989932, 3.497834, -0.4485254, 4.156333, 0.06265518, 0.1035897, 0.3547955, 0.3549569
-13.81234, -8.827558, 4.970535, 3.450373, -0.4861535, 6.18829, 0.06257624, 0.1035497, 0.3543105, 0.3547017
-14.03256, -8.930808, 4.969395, 3.44208, -0.4677898, 0.3418847, 0.06251617, 0.1034683, 0.3538069, 0.3543212
-14.27348, -9.013283, 4.978414, 3.427472, -0.4514115, 1.770412, 0.06244352, 0.1033836, 0.3533041, 0.3538842
-14.49102, -9.118418, 4.974717, 3.424439, -0.4294895, 0.5702118, 0.0624047, 0.1032503, 0.3527833, 0.3533613
-14.72725, -9.181091, 4.970132, 3.39967, -0.4362737, 0.4700006, 0.0623662, 0.1031272, 0.3522657, 0.352848
-14.99717, -9.177332, 4.974331, 3.345984, -0.472198, 1.444072, 0.06227745, 0.103171, 0.3517815, 0.3525323
-15.2481, -9.244843, 4.983178, 3.33076, -0.4607012, 3.606332, 0.06218334, 0.1031865, 0.3513002, 0.3521498
-15.49392, -9.35575, 4.996011, 3.336951, -0.4254733, 3.980325, 0.06208947, 0.1030683, 0.350809, 0.3516254
-15.74448, -9.3792, 4.992391, 3.299786, -0.4509417, 1.755374, 0.06199942, 0.1029955, 0.3503297, 0.3511499
-15.98993, -9.462153, 4.998609, 3.297754, -0.4267191, 1.510796, 0.06191237, 0.1028578, 0.3498458, 0.3506225
-16.24462, -9.466691, 4.997576, 3.258304, -0.4519277, 2.156793, 0.06183889, 0.1027674, 0.3493758, 0.3501294
-16.49228, -9.461442, 4.993533, 3.221921, -0.4681196, 0.7125141, 0.06177274, 0.1027647, 0.3489113, 0.3497041
-16.72681, -9.450959, 4.979828, 3.183301, -0.4922097, 5.940805, 0.06169472, 0.1028835, 0.3484399, 0.3494022
-16.99228, -9.442761, 4.989837, 3.151223, -0.4990742, 0.7558374, 0.06165372, 0.1031183, 0.3479793, 0.3491881
-17.24023, -9.499549, 4.993875, 3.156006, -0.4593261, 7.740031, 0.06162226, 0.1031723, 0.3475223, 0.3487369
-17.49224, -9.519226, 4.996524, 3.141205, -0.4498347, 0.313337, 0.06161185, 0.1031842, 0.3470713, 0.3482482
-17.74826, -9.506975, 4.999613, 3.111205, -0.4621329, 1.442116, 0.06163885, 0.1032383, 0.3466268, 0.3477849
-17.9978, -9.476436, 4.999367, 3.079499, -0.4717058, 0.2030701, 0.06168652, 0.1033875, 0.3461831, 0.3473634
-18.24535, -9.435012, 4.997326, 3.041239, -0.4945489, 0.6859718, 0.06175011, 0.1036722, 0.3457333, 0.3470482
-18.46496, -9.470514, 4.976993, 3.04275, -0.4688035, 3.079363, 0.06173829, 0.1037328, 0.3452787, 0.3465707
-18.70513, -9.451341, 4.972867, 3.026525, -0.4563044, 1.943371, 0.06172186, 0.1037786, 0.3448288, 0.3460735
-18.94966, -9.446434, 4.970325, 3.014689, -0.44465, 0.2934313, 0.06171489, 0.1037509, 0.3443895, 0.3455739
-19.18483, -9.401717, 4.964393, 2.990715, -0.443217, 4.329503, 0.06169493, 0.103748, 0.3439514, 0.3450776
-19.42063, -9.291772, 4.963748, 2.939159, -0.4754575, 2.971354, 0.06166743, 0.1040037, 0.3434963, 0.3446226
-19.65724, -9.210375, 4.961796, 2.897217, -0.5035681, 1.159256, 0.06163776, 0.1044303, 0.3430282, 0.3442645
-19.89622, -9.098469, 4.966702, 2.852195, -0.5243611, 1.11782, 0.06161516, 0.1052211, 0.3425492, 0.3440896
-20.13035, -8.998615, 4.968313, 2.816024, -0.5339517, 4.956342, 0.06159184, 0.1063034, 0.3420651, 0.3440418
-20.34282, -9.09309, 4.928054, 2.856485, -0.4685379, 16.8785, 0.06152866, 0.1064197, 0.3416158, 0.3435514
-20.58339, -9.042285, 4.928239, 2.844175, -0.4535396, 1.520444, 0.06148287, 0.1064607, 0.3411893, 0.3430775
-20.80163, -8.953625, 4.919969, 2.814199, -0.4626349, 1.088837, 0.06141946, 0.1065363, 0.3407557, 0.3425981
-21.04057, -8.868644, 4.925066, 2.788227, -0.4683464, 1.992376, 0.06137858, 0.1066144, 0.3403326, 0.3421197
-21.24517, -8.796204, 4.905595, 2.767219, -0.4686805, 2.685262, 0.06130683, 0.1066349, 0.3399067, 0.3416553
-21.47725, -8.701458, 4.909163, 2.73965, -0.4779816, 1.549709, 0.06125055, 0.1066517, 0.3394878, 0.3411881
-21.68446, -8.66588, 4.883587, 2.736413, -0.4597454, 4.069608, 0.06117869, 0.1065304, 0.3390999, 0.3408252
-21.88147, -8.5057, 4.880979, 2.670813, -0.5274927, 6.856374, 0.06109402, 0.10651, 0.3386447, 0.340349
-22.08783, -8.432752, 4.864583, 2.657467, -0.5160466, 1.665622, 0.06100888, 0.1064066, 0.3382028, 0.3398877
-22.29871, -8.313361, 4.863894, 2.634724, -0.5062943, 1.902588, 0.06092412, 0.1063046, 0.3377722, 0.339436
-22.52093, -8.231211, 4.859892, 2.62487, -0.490624, 1.074375, 0.06084659, 0.106161, 0.3373843, 0.3390476
-22.71778, -8.097939, 4.855264, 2.589542, -0.509179, 1.435364, 0.06076561, 0.1060197, 0.3369771, 0.3386241
-22.92256, -7.903274, 4.875436, 2.542199, -0.5291525, 3.213166, 0.06068892, 0.1059562, 0.3365431, 0.3381577
-23.11362, -7.747632, 4.876109, 2.495358, -0.569378, 3.565656, 0.06060971, 0.1059272, 0.3360845, 0.3377143
-23.32449, -7.595852, 4.88777, 2.470094, -0.5642769, 1.212679, 0.06055188, 0.1059134, 0.3356322, 0.3372736
-23.52279, -7.454119, 4.887792, 2.458271, -0.5326872, 1.667995, 0.06051421, 0.1058769, 0.3352082, 0.3368138
-23.69233, -7.305525, 4.874692, 2.430046, -0.5363726, 1.295631, 0.060454, 0.105824, 0.3347772, 0.3363556
-23.88047, -7.146219, 4.87682, 2.408972, -0.5247973, 0.7864447, 0.06040996, 0.1057682, 0.3343646, 0.3358983
-24.05392, -7.033302, 4.852909, 2.396527, -0.5144841, 3.47264, 0.0603653, 0.1056364, 0.3339854, 0.335462
-24.21959, -6.849049, 4.854891, 2.358972, -0.5324846, 1.801473, 0.06031457, 0.1055183, 0.333578, 0.3350115
-24.36523, -6.624738, 4.863769, 2.31223, -0.5515994, 2.658483, 0.06024069, 0.1054877, 0.3331356, 0.3345681
-24.53144, -6.447052, 4.865312, 2.280082, -0.5660151, 3.361244, 0.06017345, 0.1054536, 0.3326902, 0.3341342
-24.64471, -6.280266, 4.834894, 2.245572, -0.5770745, 7.151655, 0.06009882, 0.1053839, 0.3322458, 0.3337014
-24.78563, -6.084678, 4.833589, 2.213333, -0.5809979, 0.4115299, 0.06003247, 0.1053303, 0.3318085, 0.333277
-24.95669, -5.902033, 4.841474, 2.195509, -0.568436, 1.859965, 0.05995243, 0.1052589, 0.3313658, 0.3328432
-25.08648, -5.695546, 4.841069, 2.164621, -0.5679859, 1.910851, 0.05987391, 0.1052094, 0.3309259, 0.3324152
-25.2208, -5.518142, 4.829375, 2.142273, -0.563796, 0.8699029, 0.05979546, 0.1051193, 0.3304868, 0.3319795
-25.37292, -5.330026, 4.829923, 2.134423, -0.5289428, 1.279805, 0.05972299, 0.1050089, 0.3300725, 0.3315408
-25.50815, -5.123109, 4.83442, 2.110431, -0.5257874, 0.2224184, 0.05966432, 0.1048995, 0.3296714, 0.3311041
-25.64273, -4.934613, 4.827013, 2.103919, -0.4893071, 6.894459, 0.05963684, 0.1047705, 0.3293626, 0.330688
-25.75919, -4.751233, 4.811496, 2.083295, -0.4877446, 1.346034, 0.05962195, 0.104633, 0.3290893, 0.3302904
-25.87962, -4.543007, 4.811284, 2.065445, -0.4744672, 0.2917858, 0.05964865, 0.1044973, 0.3288925, 0.3299085
-25.98361, -4.318839, 4.814694, 2.037338, -0.4783939, 0.2038597, 0.05969057, 0.1043611, 0.3286986, 0.3295192
-26.09147, -4.100708, 4.819314, 1.997404, -0.5187527, 10.61784, 0.05978465, 0.1042259, 0.3284179, 0.3291078
-26.17216, -3.847084, 4.83279, 1.960849, -0.5276205, 1.691435, 0.05985463, 0.1040962, 0.3280904, 0.3286846
-26.2454, -3.614444, 4.835022, 1.912956, -0.572009, 3.48734, 0.05989816, 0.103971, 0.3276824, 0.3282587
-26.2718, -3.355636, 4.836128, 1.863183, -0.5930266, 4.641482, 0.05983589, 0.1038786, 0.3272645, 0.3278407
-26.32041, -3.115509, 4.837157, 1.818642, -0.6200059, 0.61685, 0.05975968, 0.1038018, 0.3268999, 0.327432
-26.34615, -2.874718, 4.831811, 1.776973, -0.6313982, 1.543905, 0.059702, 0.1037404, 0.3266252, 0.3270272
-26.40404, -2.645367, 4.829664, 1.75298, -0.6202279, 1.342012, 0.0596421, 0.1036707, 0.3263339, 0.3266186
-26.48629, -2.458344, 4.808351, 1.741382, -0.6043774, 6.042324, 0.05956628, 0.1035446, 0.3259657, 0.3262013
-26.54046, -2.222736, 4.809479, 1.723802, -0.5813796, 0.8911555, 0.05949555, 0.1034183, 0.3255678, 0.325785
-26.59193, -2.01195, 4.796007, 1.703189, -0.5751119, 1.680611, 0.05943952, 0.1032871, 0.3251597, 0.3253717
-26.62235, -1.772401, 4.795374, 1.682828, -0.554835, 2.009689, 0.05938365, 0.1031562, 0.3247471, 0.3249612
-26.61831, -1.530641, 4.79233, 1.645306, -0.5649695, 1.201059, 0.05930854, 0.1030257, 0.3243502, 0.3245525
-26.61563, -1.293574, 4.790111, 1.604061, -0.589227, 1.810395, 0.05924065, 0.102896, 0.3240065, 0.3241462
-26.61812, -1.065416, 4.782391, 1.57439, -0.5905623, 0.3208974, 0.05918147, 0.102771, 0.3236794, 0.3237455
-26.64698, -0.8336088, 4.781069, 1.558824, -0.5728886, 5.19098, 0.05910726, 0.1026523, 0.3233048, 0.3233489
-26.65548, -0.5958148, 4.782116, 1.535423, -0.5675374, 0.3368564, 0.05903419, 0.1025369, 0.3229215, 0.3229553
-26.64227, -0.3558177, 4.785223, 1.49888, -0.5871642, 2.10408, 0.0589604, 0.1024233, 0.3225765, 0.3225655
-26.59434, -0.09400823, 4.79897, 1.459774, -0.594918, 2.246575, 0.05890868, 0.102298, 0.3223059, 0.3221766
-26.5746, 0.1432515, 4.800157, 1.43078, -0.5985861, 1.720099, 0.05885614, 0.1021747, 0.3220545, 0.3217935
-26.54995, 0.4045619, 4.817319, 1.405621, -0.5914349, 1.747178, 0.05880109, 0.1020479, 0.3217995, 0.3214073
-26.53708, 0.6416677, 4.815477, 1.395124, -0.5597037, 1.739724, 0.05873, 0.1019216, 0.3214554, 0.3210211
-26.52916, 0.9010608, 4.83165, 1.381134, -0.5435603, 3.411366, 0.05866785, 0.1018002, 0.3210743, 0.3206292
-26.49129, 1.147833, 4.834032, 1.372254, -0.5031421, 7.451915, 0.0586141, 0.1016841, 0.3206796, 0.3202358
-26.43419, 1.388673, 4.837361, 1.345058, -0.5047475, 0.1230887, 0.05855421, 0.1015709, 0.3202856, 0.3198441
-26.39531, 1.615978, 4.829203, 1.332717, -0.4820794, 8.100652, 0.05852064, 0.1014524, 0.3199128, 0.3194533
-26.33897, 1.842792, 4.824211, 1.309362, -0.4819232, 0.1466854, 0.05850109, 0.1013308, 0.319548, 0.3190646
-26.27174, 2.072942, 4.823712, 1.282189, -0.4884799, 0.1820471, 0.05848631, 0.1012086, 0.3191796, 0.3186782
-26.2071, 2.288562, 4.813125, 1.259014, -0.4884102, 0.6412585, 0.05849702, 0.1010857, 0.3188208, 0.3182957
-26.1444, 2.519459, 4.81099, 1.248219, -0.4616779, 0.8931563, 0.05856252, 0.1009631, 0.3185248, 0.3179106
-26.06599, 2.754303, 4.816226, 1.225957, -0.4603023, 0.1416683, 0.05865717, 0.1008409, 0.3182429, 0.3175259
-25.97201, 2.974945, 4.817981, 1.186828, -0.4951375, 2.795155, 0.05874557, 0.1007192, 0.3178967, 0.3171468
-25.87509, 3.225331, 4.837774, 1.163595, -0.4915799, 2.010481, 0.05883732, 0.1006046, 0.3175513, 0.3167655
-25.79307, 3.450462, 4.838433, 1.144161, -0.487708, 2.170283, 0.05901566, 0.1004926, 0.3172261, 0.3163848
-25.68618, 3.664476, 4.835868, 1.117822, -0.4899315, 0.06538342, 0.05920154, 0.1003779, 0.3168957, 0.3160061
-25.56947, 3.873907, 4.833778, 1.087534, -0.4993561, 1.059335, 0.05937447, 0.1002603, 0.3165473, 0.3156321
-25.49766, 4.080011, 4.820883, 1.075883, -0.4872986, 3.604334, 0.0598003, 0.1001411, 0.3162545, 0.3152566
-25.37396, 4.28555, 4.819406, 1.047417, -0.4934004, 0.6010949, 0.06022593, 0.1000218, 0.3159439, 0.3148851
-25.21733, 4.492924, 4.827336, 1.011889, -0.503536, 2.054283, 0.06049266, 0.09990293, 0.3155931, 0.3145235
-25.06653, 4.690844, 4.826312, 0.9871241, -0.4914395, 8.920841, 0.06067837, 0.09978548, 0.3152421, 0.3141667
-24.94658, 4.891989, 4.823296, 0.9677005, -0.4865452, 0.4210541, 0.06095569, 0.09966891, 0.3149052, 0.3138088
-24.79076, 5.083054, 4.823898, 0.9379999, -0.4905671, 2.305042, 0.0611719, 0.09955604, 0.3145542, 0.3134635
-24.62704, 5.283284, 4.834156, 0.9090187, -0.4939977, 1.013061, 0.06131976, 0.09944213, 0.3141924, 0.3131282
-24.45631, 5.458981, 4.835703, 0.8665319, -0.5257612, 0.9957281, 0.06140041, 0.09933957, 0.3138255, 0.3128551
-24.27072, 5.632087, 4.838753, 0.8303879, -0.5354606, 1.276271, 0.06139995, 0.09925515, 0.3134759, 0.312648
-24.10352, 5.797926, 4.83558, 0.7948948, -0.5537763, 3.19941, 0.06138741, 0.09920255, 0.3131522, 0.3125347
-23.92893, 5.963913, 4.834179, 0.7654234, -0.5557668, 0.0317964, 0.06135811, 0.09918457, 0.3128438, 0.3124923
-23.78192, 6.155657, 4.829897, 0.7719534, -0.4915412, 4.674904, 0.06138016, 0.09914381, 0.312481, 0.3122849
-23.61155, 6.318203, 4.826019, 0.7477972, -0.4915699, 0.1007085, 0.06141207, 0.09913233, 0.3121194, 0.3121053
-23.45987, 6.499565, 4.822207, 0.7445493, -0.4566553, 1.931407, 0.06152968, 0.09910399, 0.3117678, 0.3118445
-23.25036, 6.685122, 4.84825, 0.719564, -0.455938, 4.474372, 0.06155653, 0.09904698, 0.31141, 0.3115853
-23.05349, 6.831019, 4.84533, 0.6947136, -0.4518286, 5.518744, 0.06155449, 0.09902801, 0.3110527, 0.3113539
-22.84613, 6.991961, 4.858216, 0.669103, -0.4535713, 1.338533, 0.0615169, 0.09901236, 0.310695, 0.3111449
-22.63584, 7.124194, 4.859662, 0.6334273, -0.4726542, 1.514817, 0.06145718, 0.09906154, 0.3103432, 0.3110448
-22.44898, 7.276176, 4.860272, 0.6153482, -0.4668574, 0.270453, 0.06140697, 0.09911907, 0.3099898, 0.3109383
-22.22565, 7.392062, 4.867017, 0.5659139, -0.5139691, 2.776753, 0.06133812, 0.09929006, 0.3096715, 0.3111178
-22.04614, 7.555795, 4.871438, 0.5571337, -0.4959903, 2.242687, 0.0612858, 0.09940493, 0.3093336, 0.3111873
-21.86342, 7.720264, 4.87151, 0.5609207, -0.4496924, 5.884942, 0.06126816, 0.09945761, 0.308982, 0.3110605
-21.65753, 7.86395, 4.878437, 0.5437989, -0.4433768, 0.3168053, 0.06125444, 0.09950028, 0.308632, 0.3109199
-21.46447, 8.001324, 4.873851, 0.5337666, -0.425025, 1.517996, 0.06128204, 0.09953994, 0.3082903, 0.3107285
-21.22484, 8.064346, 4.862608, 0.4881444, -0.4515465, 4.042064, 0.06125203, 0.09981622, 0.3079422, 0.3107822
-21.03209, 8.221417, 4.861384, 0.5022053, -0.3881824, 6.746501, 0.06127125, 0.09998148, 0.3076211, 0.3105751
-20.85068, 8.375632, 4.86042, 0.5020823, -0.3680347, 3.126926, 0.0614092, 0.1000524, 0.3073405, 0.3102819
-20.61665, 8.477194, 4.869549, 0.4675457, -0.3952832, 4.360918, 0.06149808, 0.1001835, 0.307028, 0.3100695
-20.37895, 8.599969, 4.886732, 0.4489215, -0.3926516, 1.828478, 0.06154087, 0.1002968, 0.3067096, 0.3098567
-20.17725, 8.734518, 4.8822, 0.4554721, -0.3479205, 1.973201, 0.06166039, 0.1003486, 0.3064431, 0.3095409
-19.9702, 8.847822, 4.877846, 0.4431074, -0.342995, 0.4619413, 0.06186114, 0.1003915, 0.3061986, 0.3092157
-19.76583, 8.975365, 4.872674, 0.4485968, -0.3036646, 1.666897, 0.06218089, 0.1003839, 0.306032, 0.3088736
-19.53629, 9.055745, 4.869306, 0.4238693, -0.3138648, 0.579075, 0.06250687, 0.1004297, 0.3058503, 0.3085319
-19.30313, 9.155863, 4.877467, 0.404136, -0.3214594, 4.407, 0.06282963, 0.1004725, 0.305654, 0.3081933
-19.03174, 9.230075, 4.89817, 0.373336, -0.3355163, 6.370785, 0.06298228, 0.1005754, 0.3054046, 0.3078812
-18.8112, 9.3181, 4.894004, 0.3570766, -0.3367595, 1.545945, 0.06320117, 0.1006899, 0.3051652, 0.3075733
-18.56502, 9.412147, 4.907585, 0.341191, -0.3348849, 1.151765, 0.06338367, 0.1007865, 0.3049169, 0.3072655
-18.30509, 9.437017, 4.913037, 0.2860813, -0.3955099, 5.999392, 0.0634876, 0.1011016, 0.3046158, 0.3072058
-18.03984, 9.544239, 4.944029, 0.2761312, -0.3830179, 5.265318, 0.06351759, 0.1013116, 0.3043057, 0.3070904
-17.7997, 9.626091, 4.946362, 0.2711153, -0.3561096, 3.039916, 0.06355351, 0.1015067, 0.3040078, 0.3069045
-17.53987, 9.72697, 4.970673, 0.2637232, -0.3432598, 3.204775, 0.06355045, 0.1016136, 0.3037053, 0.3066698
-17.29881, 9.792957, 4.973054, 0.2456365, -0.3468978, 0.6673322, 0.06355585, 0.1017371, 0.3034029, 0.3064629
-17.04211, 9.911407, 4.99937, 0.2483777, -0.32367, 4.214865, 0.06353921, 0.1017286, 0.3031016, 0.3061694
-16.79488, 9.966598, 5.001935, 0.2285602, -0.3294659, 0.2874215, 0.06352244, 0.1017418, 0.3027981, 0.3059051
-16.54955, 10.08213, 5.018526, 0.2342792, -0.3048563, 2.958648, 0.06351117, 0.101663, 0.302502, 0.3055815
-16.30198, 10.13727, 5.022069, 0.2144098, -0.3148666, 0.9369109, 0.063503, 0.101589, 0.3022022, 0.3052748
-16.05099, 10.1875, 5.025327, 0.1976515, -0.3157318, 0.1016155, 0.06349288, 0.1015226, 0.3019016, 0.3049836
-15.80659, 10.24637, 5.025146, 0.1894424, -0.3033865, 0.2366131, 0.06349624, 0.1014489, 0.3016071, 0.3046818
-15.5604, 10.27011, 5.019835, 0.1663336, -0.3120807, 0.3634816, 0.06351199, 0.101415, 0.3013135, 0.3044282
-15.28635, 10.27308, 5.035982, 0.1209725, -0.361908, 9.458254, 0.06348415, 0.1014807, 0.3010028, 0.3044445
-15.02579, 10.338, 5.050437, 0.1157296, -0.3474121, 1.416055, 0.06344502, 0.1014957, 0.3006914, 0.3043996
-14.77595, 10.37598, 5.045235, 0.1161763, -0.3097607, 5.98421, 0.06341157, 0.1015197, 0.3003887, 0.3042584
-14.51355, 10.36418, 5.046169, 0.08514139, -0.3262657, 1.687762, 0.06336706, 0.1016911, 0.3000843, 0.304323
-14.25675, 10.38596, 5.049482, 0.07099015, -0.3215067, 0.8874358, 0.0633203, 0.101915, 0.2997818, 0.3044387
-13.98058, 10.52061, 5.084833, 0.09878286, -0.2721845, 11.5227, 0.06325663, 0.1018709, 0.2994745, 0.3042095
-13.72772, 10.57813, 5.084613, 0.1098621, -0.2296361, 2.38893, 0.06319469, 0.1017923, 0.2991745, 0.3039014
-13.46284, 10.59394, 5.091438, 0.09372247, -0.2342401, 0.668614, 0.06312929, 0.1017314, 0.2988724, 0.303614
-13.205, 10.61481, 5.094923, 0.07977453, -0.2384698, 0.5120159, 0.06306378, 0.1016804, 0.2985704, 0.3033484
-12.94845, 10.71488, 5.107553, 0.09833432, -0.2055729, 4.937585, 0.06299858, 0.1015737, 0.2982706, 0.3030309
-12.69064, 10.75992, 5.111492, 0.09935826, -0.1886198, 1.924957, 0.06293346, 0.1014727, 0.297973, 0.3027256
-12.43122, 10.74746, 5.110476, 0.07605107, -0.2032653, 1.248574, 0.06286819, 0.101368, 0.2976748, 0.302411
-12.17481, 10.78441, 5.11153, 0.07912494, -0.180475, 0.8474109, 0.06280341, 0.1012628, 0.2973799, 0.3020991
-11.9201, 10.85536, 5.117623, 0.08930682, -0.1601267, 2.189982, 0.06273979, 0.1011936, 0.2970875, 0.3018332
-11.6526, 10.87041, 5.125741, 0.07811239, -0.1634695, 3.396368, 0.06267469, 0.1011234, 0.296792, 0.3015513
-11.40282, 10.89931, 5.122952, 0.07382968, -0.1594543, 0.2275447, 0.06261138, 0.1010729, 0.2964998, 0.301277
-11.14201, 10.82964, 5.126489, 0.005020574, -0.2632834, 9.924671, 0.06254767, 0.1009695, 0.2962027, 0.3011271
-10.85691, 10.80294, 5.143986, -0.01879377, -0.2739772, 4.031872, 0.06248871, 0.1008888, 0.2959023, 0.3011477
-10.60118, 10.79781, 5.143412, -0.03225646, -0.2742196, 0.05228823, 0.06242808, 0.1008256, 0.2956044, 0.3012649
-10.35067, 10.80435, 5.140413, -0.039718, -0.267732, 0.4687391, 0.06236459, 0.1007655, 0.2953096, 0.3014143
-10.09527, 10.8622, 5.136717, -0.006317021, -0.1888096, 6.529137, 0.06230075, 0.1006645, 0.2950164, 0.3012061
-9.834091, 10.90885, 5.143348, 0.002560451, -0.1690265, 2.106244, 0.06223727, 0.1005679, 0.2947225, 0.3009354
-9.58723, 10.89854, 5.134901, -0.00730218, -0.1678155, 3.643331, 0.06217498, 0.1004662, 0.2944333, 0.300691
-9.325675, 10.92373, 5.140156, -0.005395771, -0.1567916, 0.7070913, 0.06211239, 0.100373, 0.2941435, 0.3004245
-9.070331, 10.91003, 5.137151, -0.01321507, -0.150958, 2.692692, 0.06205128, 0.1002727, 0.2938564, 0.3001784
-8.808159, 10.93839, 5.142836, -0.008880341, -0.1383829, 0.9908515, 0.06198958, 0.1001858, 0.2935683, 0.299905
-8.555026, 10.90308, 5.138121, -0.02626014, -0.1476399, 6.493696, 0.06193073, 0.1000843, 0.293284, 0.2997019
-8.337981, 10.84434, 5.10777, -0.05173578, -0.1669164, 6.015493, 0.06192366, 0.100019, 0.2930203, 0.2996847
-8.080393, 10.86189, 5.108547, -0.04032672, -0.1345659, 1.429204, 0.06192113, 0.09993688, 0.2927556, 0.2995512
-7.788877, 10.88441, 5.135625, -0.0350363, -0.1215895, 4.428645, 0.06187257, 0.09984087, 0.2924763, 0.2993719
-7.525933, 10.88637, 5.13812, -0.0276189, -0.09422191, 2.271166, 0.0618215, 0.09974451, 0.2921964, 0.299144
-7.257785, 10.8687, 5.145909, -0.03597091, -0.09794222, 0.6613639, 0.06176475, 0.09965873, 0.2919148, 0.2989612
